
60
67
68
69
70
71
73
74
75
76
77
78
81
83
85
96
90
96
92
89
91
91
93
97
92
97
96
99
98
95
95
97
98
100
100
101
102
103
104
105
105
106
107
107
108
108
108
109
109
109
111
21
22
20
19
19
20
19
18
19
18
18
18
19
19
19
19
19
18
19
18
18
18
18
17
17
17
17
16
15
13
14
15
22
18
19
11
4
2
2
1
1
1
1
0
1
1
1
1
1
1
1
1
1
1
1
1
0
0
1
1
3
2
12
14
13
13
13
13
13
13
14
14
14
13
13
13
13
13
12
12
13
13
12
12
11
12
12
12
12
12
13
13
13
14
14
9
10
9
9
8
1
0
0
0
2
2
3
0
1
0
0
1
1
1
1
1
1
1
0
1
12
13
12
12
11
10
10
11
10
10
9
9
10
9
9
9
8
9
8
8
8
8
8
9
9
8
8
8
9
9
13
14
17
18
4
2
0
1
1
2
2
2
1
0
1
1
0
1
2
1
0
1
1
0
0
1
2
1
1
1
1
2
2
2
3
3
1
1
1
3
4
8
9
9
8
8
9
8
8
8
8
8
8
7
8
7
7
6
6
7
8
7
7
7
7
7
0
0
0
1
0
1
1
1
0
0
0
1
0
1
1
1
2
3
3
2
2
0
1
1
1
1
1
1
1
1
2
1
12
1
1
1
4
8
9
8
9
9
8
8
7
8
7
8
7
7
8
7
7
7
8
7
7
6
6
7
7
1
1
1
1
1
0
1
0
1
1
1
0
1
2
1
1
1
1
2
0
1
1
1
1
1
0
1
0
1
0
1
1
2
2
1
1
11
12
22
22
20
21
20
20
19
19
19
19
17
15
16
15
14
13
13
14
13
13
12
12
12
11
10
10
9
9
8
8
8
8
7
1
1
1
1
1
0
1
1
1
0
1
1
1
1
1
1
1
1
1
2
2
1
2
6
5
5
88
8
8
8
7
7
7
7
7
6
7
7
6
6
5
6
6
6
5
5
6
6
4
4
0
1
1
4
4
3
2
0
0
1
1
1
1
1
1
0
0
1
1
1
0
1
1
0
0
1
1
11
10
11
10
10
11
11
10
10
10
10
10
9
9
9
9
8
8
8
9
8
8
8
8
8
8
8
8
7
7
8
8
8
8
7
7
7
1
1
0
1
0
11
2
1
1
1
1
1
0
0
1
1
1
1
1
1
1
1
1
1
2
0
8
7
7
8
8
8
7
7
7
8
7
7
7
7
6
6
7
5
5
5
5
5
4
5
4
4
4
4
4
3
1
1
0
1
1
0
1
1
1
2
1
0
1
0
0
0
1
1
0
0
0
1
1
1
0
0
1
11
11
11
12
11
10
10
10
10
9
8
8
8
8
8
8
8
7
6
6
6
6
6
6
6
5
5
6
6
6
6
5
5
5
6
6
5
5
0
0
0
0
1
0
1
1
0
1
1
0
0
0
1
0
1
1
1
1
1
15
15
16
16
16
3
8
9
8
8
9
8
8
7
8
8
7
7
7
7
7
7
7
7
7
7
7
8
7
7
7
7
6
7
3
4
4
1
1
1
0
1
1
1
0
0
0
1
1
1
0
0
1
0
1
1
1
0
0
1
0
1
0
1
1
1
1
2
1
1
1
1
1
1
1
2
2
3
1
1
1
1
1
2
3
1
1
1
2
3
1
1
0
1
1
1
0
1
0
0
1
1
1
0
0
1
1
1
0
2
1
1
1
0
0
1
1
0
0
0
1
1
1
1
1
1
0
0
1
1
1
1
1
1
2
0
1
0
1
1
1
0
1
1
1
1
0
1
1
0
0
0
1
2
1
2
2
1
1
1
0
0
1
1
1
0
1
1
1
0
0
1
0
0
1
1
0
0
1
0
0
1
0
1
1
1
0
0
0
0
1
1
1
1
0
1
0
0
0
0
1
1
1
1
0
1
1
0
0
1
2
0
1
1
0
0
1
0
1
2
1
1
1
1
0
0
1
1
1
1
1
0
0
1
1
1
1
1
1
1
0
1
1
1
2
2
0
0
0
0
0
0
0
1
1
1
1
0
0
0
1
1
1
1
1
1
0
1
1
0
1
1
1
0
0
1
1
0
1
0
1
0
1
0
0
0
3
1
2
1
1
0
1
2
1
1
1
0
1
1
0
0
0
1
1
1
1
2
1
1
0
0
0
1
1
0
0
1
1
1
1
1
0
0
0
0
1
0
1
0
0
1
1
0
0
0
1
1
0
1
0
1
1
0
0
1
1
1
1
1
1
2
1
0
1
1
1
0
0
0
0
0
1
0
1
1
1
0
0
1
0
1
1
0
1
0
0
0
1
1
1
0
1
1
1
1
1
1
1
0
0
1
0
0
1
0
0
0
0
0
1
1
2
0
0
0
1
1
0
1
1
1
1
1
1
0
1
0
2
2
3
2
1
1
1
1
1
1
0
1
0
1
0
1
0
0
0
0
1
0
0
1
0
1
1
1
0
0
0
1
1
1
0
1
1
0
0
0
1
1
1
0
1
0
0
1
1
0
0
0
0
1
1
1
1
1
0
1
1
1
1
1
0
0
1
0
1
1
1
1
1
2
2
1
1
1
2
2
2
1
1
1
2
0
0
1
1
1
1
1
1
0
1
1
0
0
0
0
1
0
0
1
1
1
1
1
1
1
1
0
1
0
1
1
1
1
1
0
1
1
1
2
1
1
0
0
0
0
1
1
1
0
0
1
1
4
4
4
4
4
3
4
4
5
4
4
5
4
4
5
4
4
4
4
1
0
0
0
1
0
1
0
0
0
0
1
1
1
0
1
1
0
1
1
0
0
1
0
1
1
0
1
1
1
1
0
0
1
1
1
1
0
1
1
1
0
0
1
1
0
1
1
1
1
0
0
1
0
2
1
1
1
3
3
4
4
3
4
4
3
3
3
2
2
3
3
2
2
3
0
0
1
0
1
1
1
0
0
1
1
0
1
0
1
1
1
1
1
0
1
1
1
1
0
0
0
0
0
0
0
1
1
0
1
0
1
0
0
1
0
1
1
0
1
1
1
0
1
1
1
1
1
1
1
1
1
1
0
0
1
4
4
4
4
4
3
3
4
4
4
4
3
4
4
4
5
4
4
4
4
4
5
2
2
0
1
0
0
1
1
1
1
1
0
1
1
0
0
0
1
0
0
0
1
1
0
0
1
0
1
1
0
1
0
0
4
4
3
3
3
4
3
3
3
4
4
3
3
3
3
3
4
4
4
3
3
2
1
1
0
1
0
0
1
0
1
1
0
1
0
1
0
1
1
1
0
0
1
1
0
0
1
1
1
1
0
1
1
0
1
1
0
0
0
1
1
0
0
0
1
1
1
2
2
2
1
1
4
5
5
4
3
4
4
4
3
3
3
4
4
3
3
3
3
2
0
0
1
1
1
0
0
0
1
1
1
1
1
0
0
0
1
0
0
0
1
1
1
1
0
1
0
1
1
0
0
0
0
0
1
9
10
10
10
9
9
9
8
8
8
7
6
6
7
6
6
6
5
5
5
6
5
5
5
5
5
5
5
5
1
0
0
1
1
0
1
1
1
1
1
0
1
0
1
0
0
1
0
0
0
0
0
0
1
1
1
0
1
1
1
0
1
1
1
5
5
7
6
6
5
5
6
5
5
4
4
4
5
5
4
4
4
5
5
5
4
4
4
4
5
4
4
3
0
0
0
0
1
1
1
0
0
1
1
2
0
1
0
1
0
0
1
0
1
1
1
0
1
1
1
0
0
0
1
1
1
1
1
1
1
1
6
5
5
5
5
4
4
4
4
5
5
4
4
5
5
4
4
4
4
4
5
4
4
5
5
4
0
1
1
1
1
1
2
1
0
0
0
1
1
1
2
0
1
0
1
0
1
0
1
2
1
1
0
9
10
10
10
10
11
10
9
9
9
9
9
9
8
8
7
7
8
8
8
7
7
7
7
7
7
7
6
6
6
7
7
7
6
6
6
6
0
1
1
1
0
1
0
0
0
0
1
0
1
0
1
1
0
0
0
1
0
0
1
0
1
2
1
1
2
2
0
2
6
5
5
5
5
5
5
5
5
5
5
5
4
5
5
5
5
5
5
5
5
4
6
5
5
5
5
4
3
3
0
0
0
1
0
0
1
1
0
1
0
0
0
0
1
1
0
1
1
1
6
7
6
7
7
7
6
6
5
6
6
6
5
6
6
5
5
5
5
5
5
5
5
5
5
4
4
5
5
5
5
3
1
1
1
0
1
0
0
1
0
0
1
1
1
0
0
0
0
0
1
1
0
0
0
1
1
1
0
0
0
0
8
10
10
10
10
9
10
9
9
9
9
9
9
9
9
9
9
8
8
9
8
9
9
9
9
9
11
11
9
9
10
2
2
0
1
1
1
0
0
1
0
0
0
1
1
0
0
1
1
0
0
0
1
0
0
1
0
1
0
0
1
2
1
1
1
1
1
0
1
8
6
6
6
7
6
6
5
5
5
6
6
5
5
5
4
4
5
5
4
4
4
4
3
4
4
1
1
1
0
0
0
1
1
0
1
0
1
1
1
1
0
0
1
1
1
1
0
1
1
1
1
1
6
8
7
7
8
8
8
7
6
7
7
6
6
6
5
6
6
6
5
5
5
5
5
5
5
5
4
4
5
5
5
5
5
5
5
0
1
0
1
1
1
1
1
0
0
1
0
1
0
1
0
0
1
1
1
1
1
0
0
0
1
0
1
6
8
8
8
7
7
7
6
6
6
5
6
6
5
5
5
5
4
5
5
5
4
5
5
5
5
4
4
4
4
5
5
2
0
0
0
1
1
1
1
0
1
0
0
1
1
0
0
0
1
1
1
1
1
1
1
1
0
1
1
6
7
8
8
8
8
9
8
8
7
8
8
8
8
7
7
8
8
8
9
8
8
8
7
8
8
8
8
8
7
7
8
7
7
3
0
0
1
1
1
1
0
1
1
1
1
1
0
0
1
1
0
0
0
1
0
0
1
1
2
1
1
2
2
9
6
7
6
6
6
5
6
6
6
6
6
6
6
5
5
6
6
5
5
5
5
5
5
5
5
5
6
6
6
5
5
5
5
4
0
0
0
0
1
1
0
1
1
1
1
1
1
1
1
1
1
1
1
0
0
6
7
9
9
9
9
9
8
8
8
8
8
7
7
6
7
7
6
6
6
6
6
6
6
6
6
6
6
5
6
6
5
5
5
5
5
6
5
5
5
5
2
1
1
1
1
1
1
0
1
0
0
1
0
1
1
0
1
1
0
8
8
7
7
7
7
8
7
6
5
5
4
5
5
5
4
4
4
4
4
4
4
4
4
5
4
4
4
4
4
4
5
0
1
0
0
1
0
1
0
0
0
1
0
1
0
0
6
4
1
1
1
1
2
0
1
2
3
1
1
0
0
6
8
8
8
7
7
8
7
7
7
6
6
7
7
6
6
6
6
6
6
5
5
5
4
5
5
5
4
4
5
5
5
5
0
1
1
0
1
1
1
0
0
0
1
1
0
1
1
1
1
1
1
1
1
1
0
1
1
0
1
2
2
2
2
2
2
5
4
6
6
7
6
6
6
7
6
6
6
5
5
5
6
5
5
4
4
5
4
4
4
3
3
4
4
4
4
4
5
0
0
1
0
0
0
1
0
0
0
0
0
1
1
0
0
0
0
0
0
1
2
2
2
5
5
8
7
4
5
5
5
5
5
4
4
5
5
4
3
3
3
3
3
3
3
3
3
3
3
4
4
0
0
1
1
1
1
1
1
1
0
1
0
0
1
1
1
0
1
0
0
1
0
1
0
0
0
1
0
0
0
0