
55
55
57
59
61
62
63
65
67
70
71
71
72
72
73
74
75
75
77
78
79
79
80
80
81
82
83
83
83
84
84
87
86
87
88
88
90
89
91
92
93
94
95
96
97
97
98
98
100
100
101
3
3
3
4
3
2
2
1
1
13
14
12
11
12
11
11
10
10
9
10
9
8
10
9
8
8
8
8
9
8
8
2
2
1
2
6
0
2
1
1
0
1
1
0
0
1
1
1
2
1
1
2
0
0
0
1
0
1
1
1
23
25
24
23
21
21
21
21
21
21
22
21
18
18
19
19
20
20
19
20
19
19
19
18
17
17
18
17
17
17
18
16
15
15
14
13
15
15
13
9
10
9
2
1
1
1
1
1
1
1
1
0
1
1
1
1
1
1
1
0
2
2
4
4
3
15
15
13
13
9
9
9
9
8
8
8
9
9
8
9
9
9
9
10
10
10
10
11
10
10
9
7
8
7
6
6
6
0
1
1
1
1
1
2
1
1
1
0
0
0
1
1
1
1
0
1
1
1
1
2
2
2
26
26
29
25
28
28
29
29
30
27
28
27
27
25
24
25
24
24
24
24
13
13
13
11
11
11
10
9
10
8
8
7
6
0
1
1
1
2
2
1
0
1
1
2
2
1
1
1
0
1
1
1
1
2
0
1
1
0
10
10
10
10
11
10
11
11
11
12
12
12
12
13
13
12
12
12
12
12
13
12
12
13
10
10
10
11
10
7
7
1
1
1
2
1
1
1
1
1
1
0
0
1
1
1
1
1
1
2
2
1
0
1
1
1
1
1
1
17
24
24
24
23
24
24
25
23
23
24
21
21
20
20
21
21
20
20
20
18
17
17
18
17
16
18
17
16
12
12
12
12
13
11
10
11
0
1
1
1
1
1
1
1
0
0
1
1
1
2
2
1
1
1
1
1
1
1
1
1
1
1
2
2
9
12
11
9
9
9
10
9
9
10
10
7
8
7
7
7
7
7
7
7
7
8
8
8
9
9
9
10
10
8
5
0
1
1
1
0
1
1
1
1
1
1
2
1
1
1
0
0
0
1
1
1
1
1
1
10
11
10
11
11
11
10
8
8
8
7
7
8
8
7
6
6
6
6
5
4
4
4
4
4
3
3
4
4
4
5
5
1
1
1
1
1
0
1
0
1
1
1
1
1
1
1
1
1
1
1
2
1
2
0
0
0
0
1
0
12
12
11
13
13
13
12
12
12
12
12
12
12
11
12
11
11
11
10
9
10
9
10
11
11
10
10
11
11
11
12
12
12
13
13
13
6
3
1
2
2
1
0
1
1
1
0
1
1
1
1
0
1
1
0
0
0
1
0
4
4
4
4
4
4
3
3
4
3
3
3
3
4
4
4
4
4
4
4
4
5
5
6
6
6
7
7
6
6
7
7
7
0
1
0
0
1
0
1
0
1
1
1
3
2
0
1
1
0
1
1
1
1
1
0
1
1
0
0
1
6
5
5
4
3
4
4
4
4
4
4
3
4
4
5
5
5
6
6
5
5
5
5
6
6
6
6
6
1
2
0
0
1
1
1
1
1
1
1
1
1
2
1
1
1
1
1
1
1
1
1
1
0
1
2
1
0
1
0
1
4
4
4
5
9
9
9
9
9
10
10
10
9
9
10
11
10
11
7
7
7
5
5
6
6
6
6
6
5
6
6
6
6
3
1
1
0
2
1
0
0
1
1
0
1
1
2
2
1
1
0
1
1
0
1
1
2
2
1
2
2
6
8
8
8
10
9
10
10
9
11
12
11
12
12
13
13
13
14
13
13
13
13
13
13
14
10
7
0
0
1
0
0
0
0
2
3
0
1
0
0
0
1
1
2
0
0
1
1
0
1
1
1
1
1
0
0
4
4
3
4
3
5
6
6
12
13
12
12
12
7
6
6
6
6
6
5
5
5
4
4
4
3
3
4
4
4
4
3
3
4
3
0
1
0
1
1
1
1
1
1
1
0
0
0
10
1
0
1
1
1
0
0
0
0
1
0
0
2
12
10
9
9
9
10
10
9
8
10
9
8
7
8
6
6
6
5
5
5
6
6
6
5
5
5
6
6
6
7
7
7
7
8
8
8
8
0
0
1
1
1
1
1
1
0
0
1
0
1
1
0
0
0
0
1
1
0
0
1
0
13
12
11
11
11
10
8
8
9
9
8
8
8
7
7
7
6
6
6
6
7
6
7
7
8
7
8
8
8
8
9
9
8
8
8
8
9
9
9
0
0
0
1
0
1
0
1
1
1
1
0
0
0
0
1
0
0
0
1
18
18
17
17
17
17
17
18
17
17
17
16
15
14
14
14
15
14
14
14
14
14
13
13
14
13
13
13
12
12
12
11
9
9
9
9
8
9
10
9
9
9
9
0
0
0
1
0
1
1
0
1
1
1
1
1
1
1
1
1
1
1
0
0
0
0
1
1
2
1
1
1
0
1
1
1
0
0
1
1
1
1
1
1
0
1
1
1
0
1
0
1
1
0
1
0
1
0
1
0
0
1
0
0
0
0
1
1
1
1
1
1
0
1
1
1
1
0
0
1
1
1
0
1
1
1
1
0
1
1
0
0
1
1
1
0
1
1
1
0
1
1
1
1
1
1
0
1
0
0
0
0
1
1
1
0
0
1
1
0
0
0
0
1
1
1
2
1
1
1
1
1
1
2
1
0
1
1
1
1
1
0
0
1
0
0
0
0
1
1
0
0
1
1
1
0
0
0
0
1
1
1
1
1
2
2
2
0
1
1
0
1
1
1
1
2
1
1
1
1
0
1
1
1
1
1
1
1
1
1
1
2
1
1
1
1
1
2
2
2
1
1
2
2
2
2
2
1
0
1
0
0
0
0
1
0
1
1
1
0
0
0
0
1
1
1
1
0
1
1
1
1
1
0
1
1
1
0
1
1
1
2
2
2
1
1
2
2
2
0
1
1
1
1
0
1
1
1
1
1
1
0
0
0
1
1
0
1
0
0
1
1
0
1
0
1
1
1
0
0
1
1
1
1
1
1
1
1
1
1
1
1
1
1
1
1
1
1
0
0
0
0
0
0
0
1
1
0
0
1
1
1
1
1
1
0
1
1
1
1
2
2
1
1
2
1
1
2
2
3
3
3
4
0
1
1
1
1
1
1
1
0
0
1
1
1
1
0
1
1
1
1
0
0
1
1
1
1
1
2
0
0
0
0
1
1
1
1
0
1
1
0
1
0
0
0
0
0
1
0
0
2
4
4
5
5
4
4
4
3
3
2
2
3
3
3
3
3
2
1
0
1
1
1
1
0
0
1
1
1
1
0
0
0
1
0
0
0
0
0
1
1
0
1
1
1
2
2
0
1
1
1
1
0
1
1
1
0
1
0
0
1
1
0
0
0
1
0
0
0
1
1
0
1
3
4
4
4
4
3
3
3
2
2
2
3
3
2
2
3
0
0
1
0
0
0
1
1
0
1
1
0
0
1
0
1
2
2
0
0
0
0
1
1
0
1
0
1
0
0
0
1
0
0
1
1
1
1
1
1
1
1
1
0
0
1
0
1
1
2
2
3
2
2
2
2
1
1
2
2
2
2
2
3
3
2
1
0
1
0
1
1
1
0
1
1
0
1
1
1
0
1
0
1
1
1
1
2
0
0
0
1
1
0
1
1
1
1
1
1
1
0
0
0
1
0
0
0
0
0
0
0
1
3
4
5
5
5
5
4
4
4
5
4
3
3
3
3
3
3
3
4
3
3
1
1
1
0
0
1
1
1
1
1
0
0
1
1
1
1
1
2
0
1
1
1
1
0
0
0
0
1
1
1
1
0
0
0
0
0
0
0
0
1
0
0
0
1
0
1
0
1
1
4
7
7
7
7
8
8
6
6
5
5
6
5
6
5
6
6
5
5
5
5
5
5
5
5
5
4
5
5
4
3
0
1
1
1
2
1
1
0
1
1
1
0
0
0
0
1
0
1
1
2
1
0
0
1
0
0
1
1
1
0
1
1
1
0
0
1
8
8
8
8
9
8
8
8
7
8
7
7
6
6
7
6
6
6
6
7
6
6
6
5
6
6
6
6
6
6
7
6
6
6
1
1
0
0
1
1
0
1
1
1
1
0
1
1
1
1
0
1
1
0
1
1
1
0
1
1
0
1
5
8
7
7
7
8
6
6
5
6
6
5
5
5
5
6
6
5
5
5
4
5
5
5
5
6
5
0
0
1
0
0
0
1
1
0
1
1
1
1
0
1
1
2
1
1
1
1
0
0
0
1
1
0
0
1
1
1
0
0
1
1
1
8
7
7
7
8
7
6
6
5
6
6
6
5
5
5
5
5
5
5
4
4
5
5
5
5
4
4
4
5
5
5
1
1
2
1
0
0
0
1
1
1
1
1
1
0
1
0
1
1
1
1
1
1
0
1
1
0
0
1
1
5
5
5
5
6
6
5
5
5
6
5
5
4
5
5
5
5
5
5
5
4
4
5
2
1
1
0
0
0
1
0
1
1
1
1
1
1
1
1
0
1
1
0
0
1
0
1
0
0
0
1
0
1
1
0
1
1
0
1
0
6
6
6
6
6
6
6
6
5
5
4
4
4
5
4
4
4
4
3
4
4
4
4
4
4
0
0
0
1
1
1
0
1
1
1
0
0
0
0
1
1
1
1
1
3
1
1
1
1
1
1
1
0
0
1
1
1
0
0
1
1
0
1
2
1
7
8
8
8
7
6
6
6
5
5
6
6
5
5
5
6
6
6
5
5
6
5
5
5
5
4
5
5
1
1
1
1
1
1
0
0
1
0
0
0
0
1
0
0
1
1
1
1
0
0
1
1
0
1
1
0
1
1
0
1
1
1
6
5
5
5
5
7
6
7
7
6
6
5
5
6
5
6
5
5
3
4
4
4
4
4
4
3
4
4
4
4
4
1
1
0
0
1
1
0
0
0
1
0
1
1
1
0
1
1
0
0
0
1
0
1
1
1
1
1
1
1
1
2
1
0
8
8
8
8
8
8
8
7
7
7
7
7
6
6
5
5
6
6
5
5
5
5
5
5
5
5
5
4
4
4
5
5
5
5
0
1
1
1
2
0
1
1
1
0
0
1
1
0
0
0
1
1
1
2
1
1
1
14
14
14
14
14
14
14
14
13
13
12
12
12
12
11
11
10
9
10
9
9
8
6
6
6
6
6
0
1
0
0
0
1
1
0
0
0
1
1
0
0
1
1
1
0
1
0
0
0
1
1
0
0
1
0
0
0
0
1
1
0
0
1
1
6
8
9
8
8
8
7
8
7
7
7
6
6
6
6
6
6
1010
11
11
11
10
11
11
11
11
11
11
12
12
11
12
1
0
1
0
1
1
1
1
0
0
0
1
1
0
0
0
1
1
1
1
0
0
1
0
1
0
0
5
7
7
7
7
7
6
6
5
5
6
5
5
5
4
5
5
5
4
4
4
4
4
4
4
4
4
4
4
5
0
0
0
0
0
0
1
0
0
0
1
0
1
1
1
1
1
0
0
0
0
1
1
1
0
1
0
1
0
0
4
5
6
6
6
7
6
6
6
6
5
5
5
5
5
5
5
4
4
5
4
4
4
4
4
4
4
4
4
4
4
0
1
0
1
1
1
1
6
0
0
0
0
0
0
0
0
0
0
0
1
1
0
1
1
1
0
0
1
1
0
0
1
8
9
8
8
7
7
7
7
7
6
6
5
5
6
5
5
5
4
4
4
5
5
4
4
4
4
4
5
5
5
4
4
0
0
1
1
0
0
1
1
0
0
1
1
1
1
0
0
1
0
1
0
0
0
0
1
1
0
0
1
1
2
2
1
1
1
6
5
5
5
5
4
5
5
5
4
4
4
5
5
5
4
4
5
4
4
4
4
4
5
4
4
2
0
0
1
0
0
0
1
0
1
1
1
1
1
0
1
0
1
1
0
0
0
1
1
0
1
1
0
2
1
2
2
1
2
2
6
7
7
7
6
5
6
6
5
5
6
6
6
5
6
6
5
5
4
4
2
3
3
3
2
2
2
2
3
1
1
1
1
1
1
1
0
1
0
1
0
0
0
0
0
0
1
1
1
0
1
0
0
0
7
8
10
10
10
10
10
9
10
9
9
8
9
8
8
7
7
7
7
8
7
7
6
6
6
7
6
6
5
5
6
6
6
6
5
6
6
5
1
0
0
0
1
1
1
0
1
1
1
0
1
0
1
1
1
1
0
0
1
3
3
2
3
4
3
4
4
4
3
4
3
1
1
1
1
1
1
1
5
4
3
3
3
3
3
3
3
3
3
3
2
3
3
3
3
3
3
2
1
1
1
0
0
0
1
1
0
0
1
1
0
0
0
0
0
0
0
10
9
11
10
9
9
9
8
8
9
8
7
7
7
7
6
7
7
6
5
6
6
6
6
5
5
6
5
5
5
6
6
6
6
6
6
6
0
0
0
1
1
1
1
0
1
2
2
1
1
0
0
1
1
1
0
1
1
0
0
0
0
2
12
12
13
12
12
12
11
13
13
11
11
11
11
11
10
10
9
9
9
9
9
8
8
9
8
7
7
7
7
8
7
5
5
5
0
0
1
1
0
1
1
1
1
1
1
0
1
1
0
1
1
0
1
1
0
0
1
1
1
1
0
2
3
7
9
9
9
8
8
8
6
7
6
6
5
5
4
4
3
4
4
4
4
3
3
3
4
4
4
4
4
3
3
3
4
4
0
1
0
0
1
1
0
0
0
1
1
1
1
1
1
0
1
1
0
0
1
0
0
7
7
6
6
6
6
5
6
6
6
6
5
5
4
4
5
5
4
4
5
4
4
4
4
4
4
4
5
5
4
3
3
0
1
1
0
0
1
1
1
1
1
0
0
0
0
0
0
0
0
0
1
1
0
1
1
1
0
1
0
2
8
9
8
8
8
8
7
7
6
6
5
4
4
4
4
4
4
3
3
3
3
4
4
4
3
3
3
3
4
4
0
0
1
1
1
1
0
0
0
0
0
1
1
1
1
1
0
0
0
0
0
1
1
1
0
0
1
0
1
0
2
5
6
6
6
6
5
5
6
6
4
4
4
3
4
3
3
3
3
3
4
3
3
3
3
3
3
0
0
1
1
0
1
0
1
0
1
0
1
0
0
1
1
1
1
1
1
0
0
0
1
0
0
1
1
1
0
1
0
1
8
13
13
14
14
13
12
12
12
13
12
11
11
10
10
10
11
11
11
12
11
11
12
6
6
6
6
7
7
7
7
7
8
8
1
1
0
1
0
0
1
1
1
1
1
0
1
1
0
0
0
0
0
1
1
0
0
0
2
5
5
5
5
5
5
4
4
5
4
4
3
3
3
3
3
3
3
3
3
3
2
2
3
3
3
0
1
1
0
0
0
0
1
2
1
1
1
0
1
1
1
0
0
0
0
1
1
1
0
1
1
0
1
1
0
0
0
0
1
0
0
2
9
9
9
8
8
7
7
8
8
7
7
7
8
7
7
6
6
5
6
5
5
5
5
5
5
5
5
5
5
6
6
5
5
5
4
1
0
0
1
1
1
0
0
0
1
1
1
0
1
0
1
1
1
1
1
0
1
0
2
3
2
2
2
2
3
3
3
1
7
7
8
8
7
6
5
6
6
6
6
6
6
6
6
6
6
6
5
6
5
5
1
1
0
1
0
1
0
1
0
1
0
1
1
0
1
1
1
0
1
0
0
1
1
1
0
1
1
0
0
2
2
6
6
6
6
6
6
5
4
5
4
4
4
4
4
5
4
4
4
4
4
4
4
4
3
4
4
4
0
0
1
0
1
1
1
0
0
0
1
1
1
1
1
0
1
0
0
0
1
1
1
0
0
1
1
1
0
0
1
0
1