
45
46
48
48
50
51
52
54
56
57
58
59
60
61
62
63
64
65
66
68
70
71
72
73
75
75
77
78
79
80
81
82
83
84
85
85
87
88
121
120
121
121
122
122
124
123
123
124
124
125
125
2
20
18
19
17
17
17
17
17
17
17
16
17
16
16
16
17
17
17
17
16
17
16
18
18
18
18
17
18
19
22
22
23
25
24
6
0
1
2
2
1
2
3
2
1
2
1
1
0
1
1
0
1
0
1
1
1
1
1
1
22
21
21
21
22
21
20
20
19
18
18
19
19
18
16
15
15
14
14
16
16
15
15
16
15
15
15
14
15
15
15
14
15
15
15
16
14
12
5
4
1
0
2
1
1
1
1
1
0
1
0
1
0
1
1
0
1
1
0
1
7
8
8
8
7
7
7
7
8
8
9
10
9
10
10
10
9
9
9
10
9
9
9
8
4
4
4
3
2
0
0
1
0
0
1
1
0
1
1
1
1
1
1
0
1
1
0
1
1
0
1
0
1
1
1
0
1
1
1
2
2
2
2
3
3
4
4
20
21
21
21
20
20
19
19
18
18
17
17
17
16
15
14
16
13
13
14
13
13
14
14
14
13
14
14
9
9
9
0
0
1
1
1
1
0
1
1
1
0
1
0
1
0
0
1
0
0
1
0
0
1
0
1
0
1
0
1
7
8
8
8
8
8
7
7
7
6
6
5
6
6
6
6
6
6
6
6
7
6
6
6
5
3
4
2
1
1
0
0
0
0
0
0
0
0
0
1
1
0
1
1
1
1
2
1
2
2
0
0
0
0
1
1
1
1
1
11
11
12
12
11
12
11
10
9
10
9
9
9
9
9
9
8
8
7
7
7
7
7
7
7
7
6
7
7
1
1
1
0
0
0
0
1
0
1
2
2
3
0
1
1
0
1
1
0
0
1
1
1
1
1
1
0
1
0
1
1
1
8
9
9
8
7
7
7
8
7
7
7
6
7
7
6
6
7
7
7
6
7
7
8
8
8
8
9
10
11
11
7
6
4
2
1
0
1
1
2
2
1
1
1
0
1
1
1
1
0
1
1
1
1
1
1
0
1
0
0
8
9
8
9
8
8
9
9
8
8
9
8
8
9
10
9
9
9
9
9
9
9
8
9
9
9
9
8
9
8
4
5
0
1
1
1
0
0
0
1
1
1
1
1
0
0
1
1
0
0
0
1
0
1
1
1
0
0
0
1
15
14
15
15
15
15
15
14
15
15
14
14
13
14
14
14
14
14
14
14
14
14
14
13
14
14
13
13
13
12
13
12
12
13
12
11
9
4
3
1
1
0
1
0
1
1
0
1
2
1
1
1
0
0
1
1
0
1
1
2
1
2
2
2
1
11
11
11
11
10
10
10
10
10
10
9
9
9
8
9
9
9
9
8
9
9
9
9
8
9
9
8
7
8
8
7
6
6
2
1
0
0
1
0
0
1
1
1
1
1
0
1
1
1
0
1
0
1
3
6
6
6
7
6
6
6
6
6
6
6
5
5
5
5
5
5
5
5
6
6
5
6
6
6
6
5
6
6
6
7
6
0
1
1
1
0
1
0
0
1
1
0
0
1
0
1
1
1
1
1
1
0
1
1
0
1
1
1
0
1
7
9
10
10
9
9
10
9
10
10
10
9
9
9
9
9
8
8
8
9
9
9
9
9
9
9
10
9
9
9
9
9
9
9
8
8
3
3
0
0
0
2
2
1
2
1
1
0
0
1
1
1
1
1
0
0
1
0
0
1
1
9
10
10
11
10
12
11
12
12
11
12
12
12
12
13
12
12
12
13
13
13
12
13
14
13
13
12
12
12
12
13
13
13
13
9
0
1
1
1
0
1
1
1
1
1
1
2
2
2
0
1
1
0
1
0
0
1
1
0
1
1
9
9
9
9
9
9
9
8
8
8
8
7
7
7
8
7
7
7
7
7
6
7
7
6
6
6
6
6
7
6
6
6
5
5
5
0
1
1
1
1
1
0
1
1
0
1
1
1
1
0
1
1
1
1
1
1
1
1
1
1
1
0
1
1
0
0
1
0
2
1
1
1
1
0
1
1
1
1
1
1
0
0
0
0
0
1
1
0
1
1
1
1
1
1
1
0
0
0
0
1
1
1
1
1
1
1
1
1
1
1
1
1
1
0
0
0
0
0
2
0
1
1
1
0
0
1
1
1
0
0
1
1
1
1
0
0
1
1
0
1
1
1
0
0
1
1
1
1
1
1
1
0
0
0
0
0
1
1
0
0
1
1
4
3
1
0
1
1
0
0
1
1
1
0
0
1
1
0
1
1
1
1
0
1
0
1
1
2
0
1
1
1
1
1
1
1
2
2
1
0
1
1
1
1
0
0
1
1
0
0
1
0
1
0
0
0
1
0
0
1
1
1
0
1
1
1
2
1
1
0
1
1
1
2
0
0
0
1
1
1
0
1
1
0
1
1
1
1
1
1
0
1
1
1
2
0
1
1
1
0
0
0
1
1
1
0
1
1
1
1
0
1
0
1
1
1
2
2
1
2
2
2
2
3
0
0
1
1
1
0
1
1
0
1
0
1
1
0
1
0
12
0
0
1
0
0
1
0
1
1
1
2
1
1
0
0
1
1
1
0
0
1
1
1
0
0
0
1
0
0
0
0
1
1
1
1
1
0
1
1
1
1
1
1
1
1
0
0
1
0
1
2
2
2
2
3
2
2
2
3
2
0
0
0
1
1
0
0
1
1
0
0
0
0
0
0
0
1
1
1
0
1
0
0
1
0
0
0
1
1
1
0
1
1
8
8
1
1
1
0
1
0
0
1
0
0
1
1
0
1
0
0
1
1
0
1
0
1
1
1
1
2
2
2
2
2
2
1
1
0
0
0
0
1
1
1
0
0
1
1
0
0
0
1
1
0
0
1
1
1
0
0
0
0
0
1
1
1
0
1
0
1
1
1
1
0
0
1
1
1
1
0
1
1
1
1
0
1
1
1
1
1
0
0
0
1
1
1
1
1
1
2
3
3
3
2
2
3
3
2
2
2
2
2
2
0
0
0
0
1
1
0
0
1
1
0
0
0
0
0
1
1
1
1
1
1
1
0
0
1
1
0
1
1
0
1
0
1
0
0
0
0
0
1
0
0
1
0
1
1
0
1
1
1
0
1
4
4
4
4
4
4
4
3
3
3
3
3
3
3
2
3
3
3
1
1
1
1
0
1
1
1
0
0
0
1
1
0
1
1
1
1
1
1
0
1
1
0
1
0
1
1
1
0
1
0
0
1
1
0
0
0
0
0
0
0
1
0
0
1
1
1
2
2
2
0
1
1
1
1
1
2
1
1
1
2
2
1
0
0
1
1
0
0
0
0
0
1
1
1
0
1
1
0
0
0
1
0
0
0
1
1
1
0
0
0
1
0
0
1
1
1
1
0
1
1
1
0
0
0
1
0
1
0
0
0
0
1
0
0
1
0
1
0
1
0
1
1
2
0
1
1
1
1
1
0
1
1