
56
57
57
58
59
59
59
60
60
60
61
61
62
62
64
64
64
65
65
65
66
66
66
67
67
68
68
68
69
69
69
70
70
71
71
71
72
72
73
73
74
74
75
75
76
76
77
77
78
78
79
34
34
32
33
33
34
34
33
32
33
32
32
32
32
32
31
31
30
30
29
27
27
27
26
25
25
23
24
24
26
26
25
25
23
24
31
24
24
14
1
1
2
2
1
1
1
2
1
0
1
0
0
0
2
1
1
1
1
1
1
2
2
2
19
21
21
19
18
17
18
18
16
15
16
15
15
16
15
15
16
16
15
14
14
14
14
14
13
12
11
11
12
11
11
10
10
9
9
9
1
2
1
0
1
0
1
1
0
0
1
1
0
1
0
1
1
0
0
0
1
2
1
6
12
13
13
12
11
11
11
11
10
10
10
10
10
11
10
9
9
9
9
8
8
8
7
7
7
6
6
7
6
1
1
2
1
1
1
1
0
1
0
1
1
2
1
1
1
0
1
1
1
2
1
1
1
1
1
1
1
1
10
8
10
21
22
8
23
23
11
11
11
10
9
13
14
14
13
14
12
13
14
13
14
14
14
14
14
15
15
15
14
14
13
13
9
9
9
9
9
9
9
10
10
5
1
2
1
0
1
1
0
0
1
1
1
0
1
0
1
1
7
11
10
12
13
12
12
12
11
11
12
12
12
11
11
11
11
10
10
11
11
10
10
9
9
8
9
9
9
10
10
10
11
10
8
2
0
1
0
2
1
1
0
1
1
1
1
1
0
0
1
1
1
2
0
0
1
1
1
1
2
2
2
3
2
2
2
3
2
7
16
17
15
15
14
14
15
14
15
14
14
13
13
14
13
13
13
10
10
10
10
0
1
0
1
1
1
0
1
0
1
0
1
1
1
0
2
1
2
2
1
1
0
1
0
0
1
0
1
0
6
8
9
8
8
8
9
9
8
8
8
8
8
8
8
8
8
7
8
8
8
8
8
9
8
8
7
7
7
8
8
9
8
2
1
1
1
0
1
1
1
1
0
0
1
1
1
1
0
1
1
1
1
1
1
0
0
1
2
1
4
4
4
4
5
4
4
7
7
7
7
6
7
7
7
7
8
7
4
5
5
5
5
5
5
5
5
2
0
1
1
0
0
0
0
0
0
0
1
0
1
1
2
1
0
1
1
2
2
1
1
0
1
1
0
0
1
0
8
10
11
10
10
10
9
10
10
10
10
9
10
10
10
9
8
10
9
9
8
7
7
7
7
7
7
7
7
8
8
8
7
6
7
6
1
1
1
1
1
1
1
0
0
0
1
0
0
0
0
1
0
1
1
0
1
0
0
0
1
8
9
10
9
9
9
7
8
7
7
6
7
7
7
6
6
5
5
5
5
5
5
4
4
5
5
4
4
4
0
1
0
0
1
1
1
1
0
1
0
1
1
0
1
1
1
1
1
1
0
1
0
0
0
0
1
1
1
1
1
1
2
8
8
8
9
10
9
9
9
8
8
9
9
8
9
8
8
9
9
9
8
8
7
8
7
7
6
6
6
6
6
6
6
5
5
3
1
1
1
0
1
1
0
0
0
0
0
1
1
0
1
1
1
1
0
1
1
1
0
0
5
9
8
8
8
9
9
8
7
7
7
8
7
7
6
6
7
6
5
6
5
5
5
5
4
4
4
5
5
5
0
0
1
0
1
1
0
1
1
1
1
1
1
1
0
18
0
1
1
1
1
1
1
0
1
1
1
0
1
1
5
5
5
4
4
9
8
8
8
10
8
9
9
6
10
10
6
6
7
7
8
8
9
8
8
8
8
1
1
1
1
0
2
1
1
2
3
0
1
2
1
1
2
0
1
0
0
1
2
1
1
1
1
1
0
1
1
1
0
7
8
10
10
10
10
10
9
8
8
7
8
8
7
7
7
7
7
6
7
6
6
7
6
6
6
6
6
6
0
0
0
0
1
0
1
1
1
2
1
0
1
0
0
1
1
1
1
1
1
1
0
1
1
1
1
0
1
0
1
2
2
2
3
2
4
6
4
3
4
4
5
4
5
5
5
4
4
5
4
4
4
4
5
5
5
5
5
6
1
1
2
0
1
2
2
1
1
1
1
1
0
1
1
1
0
1
0
0
1
1
1
1
0
1
0
9
8
8
8
9
10
8
8
8
8
8
7
8
8
8
8
7
7
8
8
8
8
9
8
8
8
8
8
8
8
8
8
8
7
5
6
0
1
0
1
1
1
0
1
1
1
1
1
0
0
0
0
1
0
1
1
0
0
1
1
0
1
0
0
1
1
1
7
7
9
9
9
9
8
7
7
7
6
7
7
7
6
6
5
5
6
5
5
5
5
4
4
4
4
4
4
4
4
4
4
0
0
1
0
1
1
1
1
1
0
1
0
0
0
1
1
1
0
1
0
1
1
0
0
0
2
2
11
13
13
13
13
12
11
11
11
12
11
10
10
11
11
10
10
10
9
9
9
8
9
9
9
9
8
9
9
9
8
8
9
7
8
7
7
7
7
8
8
5
4
1
1
0
0
0
1
1
0
1
0
0
1
1
1
2
6
10
10
10
10
10
10
10
9
9
8
8
9
8
8
8
8
7
8
7
7
7
5
5
5
4
5
5
5
5
4
4
5
5
5
5
5
0
0
0
0
1
0
0
1
1
0
1
1
1
1
1
6
1
2
0
1
0
0
1
2
2
1
1
1
2
6
7
7
7
7
6
6
5
6
6
6
6
5
5
5
6
6
5
5
5
5
5
5
5
5
5
5
4
5
6
6
6
7
2
2
0
0
0
1
1
0
1
1
1
1
0
1
0
0
0
0
1
0
0
0
10
10
10
10
10
10
9
9
9
9
9
8
8
9
8
8
8
8
8
7
8
7
7
7
7
6
6
7
7
7
7
6
6
6
7
7
6
6
6
6
5
0
1
1
1
1
2
1
0
0
1
1
0
1
1
1
1
0
1
3
5
5
5
4
5
5
5
5
5
5
5
5
4
4
5
5
4
4
4
3
3
4
4
4
4
4
4
4
2
0
1
1
0
1
1
1
1
0
0
0
0
0
0
1
0
0
0
1
1
0
0
0
0
0
0
0
0
1
1
1
10
10
10
9
10
10
9
9
8
8
9
8
8
7
7
8
7
7
7
7
7
6
7
7
7
7
6
6
6
6
6
6
6
5
6
6
0
1
1
1
1
0
0
0
1
1
0
0
1
0
0
1
1
1
1
1
1
0
0
1
2
6
8
9
9
8
8
8
8
7
7
6
6
5
6
6
6
6
5
5
6
5
5
5
5
4
5
5
5
5
1
0
1
1
1
0
0
0
1
0
0
0
0
1
1
1
1
1
1
0
1
0
0
0
1
1
1
0
0
1
9
8
8
8
8
8
8
8
7
7
7
7
7
6
6
6
7
6
6
6
6
5
5
5
6
5
6
5
5
5
5
5
5
5
5
5
0
0
1
1
0
0
1
1
1
1
1
0
0
1
0
1
1
0
1
1
1
1
0
2
3
2
2
2
2
2
2
2
2
2
2
2
2
2
2
3
3
3
3
3
3
3
3
3
3
3
3
3
3
3
4
4
0
1
1
1
1
1
0
0
0
1
1
1
0
1
1
1
1
1
0
0
1
1
1
1
1
0
0
1
6
8
8
8
8
7
7
7
6
6
7
7
6
6
5
5
6
5
5
5
5
5
6
6
5
4
4
5
5
5
5
5
6
1
1
0
0
0
0
1
0
1
1
0
0
1
0
1
0
1
0
0
1
1
0
0
1
0
1
8
8
8
8
8
9
9
8
8
7
7
7
7
7
7
6
6
7
6
6
6
6
6
5
5
6
6
5
5
5
5
6
6
6
5
5
5
0
0
1
0
1
0
0
0
0
1
1
1
1
0
1
1
1
0
6
6
1
0
1
0
11
12
12
12
12
11
11
11
11
11
10
10
9
9
9
9
9
9
8
8
8
8
9
8
8
8
7
8
8
8
7
7
8
8
8
7
7
7
7
8
8
7
8
8
8
1
1
1
1
0
0
0
0
0
1
1
1
1
1
1
1
1
1
2
1
1
1
1
2
1
1
5
5
5
5
6
6
6
6
5
6
6
7
7
7
4
4
3
4
3
3
2
2
3
2
2
1
0
0
0
0
1
0
0
0
0
1
1
1
0
0
0
0
1
0
1
0
1
1
1
1
7
1
1
2
0
1
1
1
1
2
1
1
0
0
0
0
1
1
1
0
0
0
0
1
1
1
0
1
0
0
0
0
0
0
1
1
1
0
1
1
1
1
0
0
1
0
1
1
1
0
1
1
1
1
1
0
0
0
0
0
0
1
0
0
1
1
1
1
2
0
1
1
1
1
1
0
1
1
0
1
1
1
1
1
1
0
1
1
0
0
0
0
0
0
1
1
1
1
1
1
1
1
1
1
1
1
1
1
1
0
0
1
1
0
0
0
0
1
1
1
2
0
0
0
0
1
1
0
1
0
1
1
1
1
0
0
1
1
1
0
1
0
0
1
1
2
1
2
1
0
0
1
1
1
1
0
1
0
1
0
1
1
0
0
1
0
0
1
1
1
1
1
1
1
1
1
1
0
0
0
0
0
1
1
1
1
1
1
0
1
1
1
0
0
0
0
1
1
1
1
1
1
1
1
1
1
0
1
1
0
0
1
1
0
0
1
1
0
0
1
1
0
0
0
0
0
0
0
0
1
1
0
1
1
0
1
1
0
1
1
0
1
1
0
1
1
1
1
0
0
1
0
1
1
1
1
0
1
0
1
2
1
1
1
1
1
1
1
0
1
1
1
0