
54
57
58
61
63
65
66
66
67
69
70
70
71
71
72
72
72
73
71
73
75
75
76
76
76
77
77
78
78
79
79
87
87
88
88
87
84
84
85
87
85
85
87
89
89
88
92
87
89
89
89
34
30
32
30
30
29
28
28
28
27
27
26
23
24
23
23
22
23
20
20
19
19
17
16
17
18
18
17
17
15
16
15
15
15
17
17
17
26
17
17
17
17
17
3
3
1
1
0
1
0
1
1
2
2
1
0
1
1
0
1
22
21
20
20
18
20
20
19
19
20
19
20
19
19
20
19
18
18
19
17
17
17
17
17
17
17
17
17
16
16
15
15
15
15
14
15
14
14
14
13
12
13
12
13
7
1
1
1
1
2
1
1
0
0
1
1
1
2
1
1
1
2
2
2
2
12
12
12
12
13
13
16
11
10
12
12
12
12
13
13
21
19
19
20
19
21
21
22
20
20
20
20
19
19
18
19
18
18
18
18
18
19
1
1
1
1
2
3
1
0
1
1
1
1
1
1
1
1
0
3
1
2
2
3
2
3
3
4
1
1
2
1
15
15
11
15
16
16
15
12
11
12
12
12
11
11
11
10
10
9
9
9
9
9
9
8
5
5
5
5
6
6
6
6
7
1
0
1
0
1
1
0
0
1
1
1
3
1
1
1
1
1
1
1
1
0
1
0
0
2
23
24
25
23
24
23
23
24
24
24
24
24
24
24
23
24
25
23
23
22
22
22
22
21
21
22
20
21
19
18
17
16
17
16
16
8
2
3
3
1
1
0
0
1
1
1
1
1
1
1
2
1
1
0
1
1
1
1
0
14
14
14
14
14
13
14
14
15
14
14
1515
15
14
14
14
15
14
14
13
12
10
10
10
10
8
9
8
8
6
5
1
1
0
1
1
1
1
1
0
1
1
1
1
2
2
1
1
1
1
1
1
1
0
0
1
1
1
1
2
1
1
2
8
7
11
11
12
12
11
11
11
10
11
9
8
8
8
8
8
7
7
7
6
7
6
7
6
7
7
6
7
7
1
0
1
0
1
1
1
1
1
0
1
0
0
1
1
1
0
1
1
1
0
1
6
10
11
10
12
11
10
10
10
10
9
9
9
9
10
10
9
9
9
10
9
9
8
9
9
9
9
9
2
1
1
0
0
1
1
1
1
0
1
1
0
0
0
1
1
1
1
1
1
0
0
0
0
1
1
0
1
0
0
1
0
2
2
1
5
8
9
11
10
8
8
6
5
4
4
4
4
4
5
5
5
5
5
6
6
5
4
4
4
5
5
5
2
2
2
1
1
0
1
0
0
0
0
1
1
1
1
0
0
1
2
1
0
0
1
1
0
1
1
1
1
1
4
4
8
8
8
9
8
9
8
8
9
8
8
7
7
8
8
8
9
8
8
8
9
9
8
9
9
9
8
8
8
9
8
8
7
1
0
1
1
1
1
2
1
1
1
1
1
2
1
2
1
1
0
0
0
0
1
0
0
1
16
16
18
18
17
17
17
16
15
16
14
14
14
15
14
14
13
13
13
13
13
11
11
11
10
11
10
9
9
9
9
8
3
2
1
1
2
0
0
0
0
1
2
1
0
1
0
2
0
0
0
0
1
0
0
1
0
1
1
1
1
0
0
0
0
1
2
2
2
0
2
3
4
4
1
1
2
2
2
1
2
3
2
1
2
3
3
1
0
1
0
1
0
0
1
1
0
1
1
1
1
1
2
2
3
3
4
0
0
0
0
0
1
0
1
0
1
1
0
1
1
0
1
1
1
1
1
2
1
0
0
1
0
0
1
1
1
1
1
1
1
1
1
0
0
1
1
1
1
2
0
0
1
0
1
1
0
0
1
0
0
1
0
1
1
1
1
0
0
0
1
1
0
1
1
1
1
0
1
1
1
1
1
1
2
2
0
1
1
1
2
2
2
2
0
1
0
2
1
0
1
0
1
1
1
0
1
1
1
2
1
3
0
0
1
1
1
1
0
1
0
0
1
0
1
1
10
1
0
0
1
1
1
2
1
1
0
0
1
1
2
2
1
0
0
2
1
0
1
1
2
1
1
1
1
0
1
0
2
1
1
0
1
1
1
2
2
1
1
1
1
1
1
1
1
1
1
1
0
1
1
0
0
1
2
2
2
1
1
1
1
1
1
0
1
1
0
1
0
0
1
0
0
0
0
0
1
1
0
0
0
1
1
1
1
2
1
1
1
1
2
1
1
1
1
0
1
1
1
0
0
1
0
1
0
0
1
1
0
0
1
0
0
1
2
0
0
0
1
1
1
1
1
0
0
0
0
0
1
1
0
1
1
1
2
0
0
0
0
0
1
0
0
1
1
1
0
0
1
1
0
0
1
0
1
0
1
1
0
1
0
0
0
1
0
0
0
1
1
0
0
1
1
0
0
1
0
0
1
1
1
0
1
1
1
1
1
1
1
2
0
0
0
0
3
2
2
2
2
2
1
1
2
2
2
2
2
3
3
0
0
0
1
1
1
1
0
0
1
1
1
0
0
0
1
1
0
0
0
1
0
1
1
1
1
1
0
1
0
0
0
1
1
0
1
1
1
1
2
2
2
0
1
0
0
1
1
3
3
2
3
3
3
3
3
3
2
2
3
3
3
3
1
1
1
1
1
2
1
1
1
0
1
1
1
1
1
1
1
1
1
1
1
1
0
1
1
0
1
0
1
0
1
1
1
0
2
0
1
1
0
1
0
0
1
0
0
0
1
1
1
1
0
1
2
3
2
3
3
3
3
3
3
3
2
2
2
2
0
0
0
0
0
0
1
0
0
0
1
0
1
1
1
1
0
0
0
1
1
0
1
1
1
0
0
1
0
0
0
0
1
1
0
1
0
0
0
1
0
1
0
0
0
1
0
0
1
1
1
4
4
3
2
3
3
2
2
2
2
2
2
2
2
2
2
0
0
1
0
0
0
0
1
0
1
1
0
0
1
0
1
1
1
1
0
1
1
0
0
0
0
1
1
1
1
0
0
1
1
1
0
1
1
1
0
1
0
1
0
0
0
0
1
0
0
4
5
3
3
3
2
2
1
2
2
2
1
1
2
2
2
2
2
2
3
0
0
1
1
1
1
0
1
1
0
1
0
1
1
1
1
1
1
1
1
1
1
0
1
0
0
0
1
1
1
0
1
1
0
0
1
0
1
0
1
1
1
6
6
5
5
4
4
3
3
2
2
3
2
2
2
1
1
2
2
2
2
2
3
3
3
3
3
4
1
0
1
1
1
1
1
1
0
1
1
0
1
1
1
1
0
1
0
0
1
1
1
1
0
1
1
1
1
1
0
1
1
1
1
1
1
3
4
4
4
3
3
2
2
2
2
1
2
2
2
1
1
1
1
2
2
2
2
2
2
0
0
1
0
0
1
1
1
0
1
1
1
1
1
0
0
0
1
1
2
1
1
0
0
0
0
1
1
1
1
0
0
1
1
0
1
1
1
0
1
0
3
2
2
2
2
3
2
2
2
2
4
7
4
4
3
3
3
3
3
3
2
2
3
2
2
2
2
2
2
1
0
1
0
0
0
0
0
1
0
0
0
1
1
1
0
1
1
1
1
0
0
0
0
7
1
1
1
1
0
0
0
0
5
6
5
4
3
3
3
2
3
2
3
2
2
2
2
2
3
3
3
3
3
3
4
4
3
1
0
1
1
1
2
1
0
0
0
0
1
1
1
1
0
0
1
1
1
1
1
1
0
0
0
0
1
1
1
0
1
0
0
1
1
1
1
0
0
1
0
1
1
7
7
6
5
5
4
3
4
4
3
3
3
2
2
3
2
2
2
2
2
2
3
3
3
3
3
3
3
4
4
4
4
4
4
1
1
0
0
1
0
1
0
0
0
1
0
0
0
1
1
1
1
0
0
0
0
1
1
3
10
10
9
8
9
8
8
8
7
7
8
7
7
7
6
6
6
6
5
5
4
5
5
5
5
5
5
5
5
66
6
6
1
1
0
1
1
0
1
1
0
0
0
0
0
1
1
1
1
0
1
0
0
1
0
0
1
2
8
9
8
7
5
4
4
4
4
3
3
2
2
3
2
2
2
2
2
2
3
2
2
2
2
2
2
3
3
3
3
3
3
3
0
1
1
0
0
0
0
0
1
1
1
1
0
1
1
1
1
1
0
1
1
0
0
1
1
1
0
1
1
1
6
4
3
3
3
3
3
2
2
2
3
2
2
2
2
3
3
3
3
3
3
4
4
4
4
5
5
1
1
1
2
1
1
1
1
1
1
0
1
2
1
2
0
0
0
1
0
0
1
1
0
1
0
1
1
1
1
1
0
1
1
8
6
7
6
5
4
4
3
4
3
3
2
2
2
3
2
2
2
2
3
3
3
3
3
3
4
4
4
4
4
4
5
5
0
0
0
0
0
1
1
0
0
0
1
1
0
0
0
1
1
1
1
0
0
0
0
1
0
8
8
7
4
6
4
4
3
3
3
4
4
3
3
3
3
2
2
2
3
3
3
3
3
3
3
3
4
4
4
4
4
4
5
5
5
3
1
0
1
0
0
0
1
1
0
1
0
0
1
1
0
0
1
1
1
1
2
1
1
0
0
0
0
8
9
8
7
7
7
6
6
7
6
6
6
5
4
3
3
4
4
3
3
3
3
3
3
4
4
4
4
4
4
4
5
2
1
1
1
0
0
1
0
1
1
0
1
1
0
1
1
1
1
1
0
0
0
0
1
0
1
0
0
7
8
7
7
6
5
5
4
4
3
3
3
2
2
3
2
2
1
1
1
1
2
2
2
2
2
2
2
3
0
0
0
0
0
1
1
1
1
1
0
0
0
1
1
1
1
1
1
0
1
1
1
0
1
1
1
1
1
0
0
1
1
0
1
0
1